cpu  15884 965 14408 17256126 1221 0 142 107 0 0
cpu0 4233 202 3831 4314601 236 0 52 26 0 0
cpu1 4010 234 3689 4310805 506 0 80 32 0 0
cpu2 4512 262 3991 4312593 243 0 6 28 0 0
cpu3 3127 265 2895 4318125 235 0 3 20 0 0
intr 9094489 0 9 0 0 0 0 0 0 0 0 0 0 144 0 0 0 0 0 0 0 0 6704 707 0 0 0 0 0 0 0 0 0 0 0 0 0 0 0 0 20 0 4115 7092 5255 3540 0 0 0 0 47505 9559 0 0 0 0 256 0 0 36 0 0 0 0 21913 88 0 0 0 0 0 0 0 0 0 0 0 0 0 0 0 0 0 0 0 0 0 0 0 0 0 0 0 0 0 0 0 0 0 0 0 0 0 0 0 0 0 0 0 0 0 0 0 0 0 0 0 0 0 0 0 0 0 0 0 0 0 0 0 0 0 0 0 0 0 0 0 0 0 0 0 0 0 0 0 0 0 0 0 0 0 0 0 0 0 0 0 0 0 0 0 0 0 0 0 0 0 0 0 0 0 0 0 0 0 0 0 0 0 0 0 0 0 0 0 0 0 0 0 0 0 0 0 0 0 0 0 0 0 0 0 0 0 0 0 0 0 0 0 0 0 0 0 0 0 0 0 0 0 0 0 0 0 0 0 0 0 0 0 0 0 0 0 0 0 0 0 0 0 0 0 0 0 0 0 0 0 0 0 0 0 0 0 0 0 0 0 0 0 0 0 0 0 0 0 0 0 0 0 0 0 0 0 0 0 0 0 0 0 0 0 0 0 0 0 0 0 0 0 0 0 0 0 0 0 0 0 0 0 0 0 0 0 0 0 0 0 0 0 0 0 0 0 0 0 0 0 0 0 0 0 0 0 0 0 0 0 0 0 0 0 0 0 0 0 0 0 0 0 0 0 0 0 0 0 0 0 0 0 0 0 0 0 0 0 0 0 0 0 0 0 0 0 0 0 0 0 0 0 0 0 0 0 0 0 0 0 0 0 0 0 0 0 0 0 0 0 0 0 0 0 0 0 0 0 0 0 0 0 0 0 0 0 0 0 0 0 0 0 0 0 0 0 0 0 0 0 0 0 0 0 0 0 0 0 0 0 0 0 0 0 0 0 0 0 0 0 0 0 0 0 0 0 0 0 0 0 0 0 0 0 0 0 0 0 0 0
ctxt 17118067
btime 1706013084
processes 4483
procs_running 1
procs_blocked 0
softirq 2447714 15 758458 1 57506 22624 0 497 952684 106 655823
